0.0520 0.8938
-0.2626 0.3423
0.3074 0.4101
0.3020 0.9656
-0.1371 0.9407
0.4893 -0.0022
0.1697 0.5254
0.3810 -0.3369
0.8787 -0.5096
-0.7266 -0.6288
0.2612 0.2935
0.0824 0.4859
-0.2427 -0.4442
-0.4210 0.8762
0.1699 -0.4711
-0.0473 -0.5369
-0.9343 -0.3653
-0.7619 -0.6210
0.8018 0.6115
-0.9691 0.3044
-0.9885 -0.2093
-0.9903 0.0158
-0.3320 -0.3992
-0.1378 -0.5548
-0.7656 0.5467
1.0542 -0.0911
0.9662 -0.2100
-0.1658 -0.4727
-0.4451 -0.1936
0.1408 -1.1051
-0.9640 0.4534
-0.5207 -0.7865
0.4328 0.3011
0.2273 0.9040
0.4652 -0.1049
1.1020 0.1223
-0.8689 -0.4105
-0.6619 0.7965
-0.1513 0.9243
-0.3900 -0.1348
-0.5238 -0.1280
-0.5853 0.8336
0.7564 -0.7433
0.9301 0.3226
-0.1274 0.5842
-0.3440 -0.1829
0.2705 -0.2726
-0.1079 0.5344
-0.9702 0.1236
0.4283 0.1710
-0.2885 0.9519
0.8183 0.4302
0.4495 -0.1808
-0.4854 0.0402
-0.1421 0.4862
0.2879 0.9812
-0.1829 0.5119
0.0815 0.9476
-0.9266 -0.1833
-0.6489 -0.7972
-0.3192 0.9504
-0.1165 -0.4879
0.4055 -0.1907
0.0035 0.9571
0.0195 -1.0806
-0.9749 0.3234
-1.0364 -0.1571
-0.5484 -0.1224
-0.5132 0.1251
-0.8333 0.5916
-0.5625 0.9606
0.4887 -0.0997
-0.0957 -0.4469
-0.6702 0.7399
0.8156 0.6574
0.0313 -0.5073
-0.4411 -0.2132
-0.5913 0.8556
-0.5390 -0.0485
-0.8829 0.3974
0.9301 0.4956
-0.5214 -0.1943
0.3033 -0.9390
-1.1082 -0.0658
0.9017 -0.4247
-0.8527 -0.5387
-0.8616 -0.5032
0.8292 0.5987
0.2863 0.4576
0.3868 0.2139
-0.8539 0.5465
-0.3137 0.4156
0.5066 -0.2528
0.4687 -0.0894
-0.3617 0.2492
-0.4872 0.0276
0.3677 -0.3922
-0.4036 0.4072
-0.0003 0.5365
-0.9784 0.0844
0.1783 -0.5384
0.1744 -1.0196
0.8638 -0.6316
-0.0232 0.5122
0.3269 0.4077
1.0316 0.2242
-0.9624 -0.1626
-0.9225 -0.4243
0.9117 0.5039
0.8347 -0.4475
-0.4667 -0.0217
0.5162 -0.0461
-0.1866 -0.4782
-0.4787 -0.1774
-0.4618 0.2783
-0.4173 0.3382
0.2821 -0.9280
-0.6245 0.8529
0.4609 -0.2305
0.9862 0.3508
-0.4691 0.2139
0.5994 -0.1213
-0.2916 0.3304
-0.8621 -0.2566
0.4103 -0.2461
-0.5903 0.7720
0.4725 0.1753
0.4760 0.2993
0.3539 -0.4209
-0.8583 0.3284
-0.0760 -1.0282
-1.0100 -0.1058
-1.0633 0.2817
-0.2493 0.4263
0.4816 0.0983
0.4811 0.3058
-0.9763 -0.0941
-0.9848 -0.0238
-0.9531 0.0030
0.4997 0.1377
-0.1424 0.9517
-0.3077 -0.9545
0.6620 -0.8234
-0.4546 0.9001
0.2461 -0.3997
-0.1162 0.4541
-0.5169 -0.3077
0.0148 0.5719
-0.3360 -1.0186
-0.2254 -1.0144
-0.9525 0.4632
0.0144 0.6077
0.6852 -0.7793
0.6410 0.1076
-0.1896 -0.4498
0.5125 0.1835
-0.3432 -0.3563
-0.7415 -0.7157
-0.9119 0.1510
0.9585 -0.4715
0.4827 0.1523
-0.4387 0.2360
-0.4956 0.3393
0.3805 -0.9673
-0.3181 -0.3774
-0.4957 0.1615
0.5516 0.8421
0.4194 0.0640
-0.6855 0.7157
-0.6645 -0.7240
-0.4176 0.1116
-0.1769 0.5004
-0.4388 0.1922
-0.1483 0.4875
0.9034 0.1396
-0.5127 -0.0337
0.3023 0.4745
-0.9937 -0.0723
-0.8222 -0.5161
-0.4432 -0.8766
0.9592 -0.2515
-0.4745 0.3233
0.4041 0.0095
-0.0077 -0.4745
0.1152 -0.4661
-0.5611 -0.1110
0.8454 -0.4618
0.2827 -0.4871
0.9123 0.4882
0.3728 0.3918
0.4736 -0.1442
-0.2176 -0.4429
0.4554 0.2131
0.2483 0.4668
0.5998 -0.7392
0.0604 0.4426
-0.5020 -0.0724
0.8942 -0.3889
0.9158 0.4670
-1.0770 -0.2738
-0.4609 -0.1905
0.4143 -0.2347
-0.9376 -0.4624
0.4776 -0.9467
0.5060 0.2560
-0.7169 0.6129
0.4090 -0.0688
0.2675 -1.0213
0.4592 0.8408
-0.4131 0.3402
-0.4819 0.1503
-0.4513 0.7825
-0.3982 0.9003
0.0279 -1.0041
-0.2666 -0.4054
0.3109 0.5080
-0.1805 1.0011
0.4116 -0.2766
0.1024 -1.0031
-0.4876 -0.9339
0.2821 0.4252
0.6790 0.6784
-0.3586 -0.3442
0.2826 0.3502
0.1790 0.8951
-0.0106 -0.5180
-0.1581 0.5265
-0.1123 -1.0031
0.3192 -0.9852
0.2292 0.4100
0.7293 -0.5669
0.3682 -0.9438
-0.3203 -0.3486
0.6519 0.7528
0.1108 0.4506
0.4524 -0.1310
-0.3425 -0.4182
0.9718 0.4300
-0.3562 -0.3565
0.8218 0.7206
0.7060 -0.6675
-0.2940 0.9855
0.7634 0.7413
-0.5489 -0.1694
-0.6236 -0.7452
1.0643 0.0811
-0.8446 -0.5581
-0.1166 -0.5295
0.3400 0.3088
0.9457 -0.2848
-0.5336 -0.8519
-0.2730 0.3889
-0.3809 -0.9581
0.6116 -0.8422
0.9424 0.4236
0.3025 -0.9365
-0.2702 0.4911
0.9305 -0.2264
-0.0902 -0.4952
0.5271 -0.2152
-0.3923 0.9859
-0.5187 -0.9587
-0.1238 -1.0075
0.4649 -0.0278
0.7957 -0.6992
0.3102 -0.3985
0.5991 -0.8037
0.9473 0.1356
-0.1083 -1.1444
-0.2021 -0.9832
0.3626 0.9176
0.8012 0.5531
-0.4501 -0.8792
0.0927 0.4237
0.4492 0.2220
0.2508 0.4809
0.0628 -0.5746
-0.5244 -0.1713
-0.5207 0.1178
-0.1615 -0.5102
0.3345 -0.3629
0.6366 0.8360
0.8855 -0.4526
-0.3926 0.3189
-0.9320 -0.1588
0.4227 -0.0102
-0.5059 -0.0209
0.4963 -0.0595
0.2757 -0.3914
1.0033 -0.0859
0.7452 -0.7436
-0.7854 0.5437
0.9637 -0.2187
0.0963 -0.9946
0.0871 -0.9788
1.0031 0.0129
-0.8272 0.4725
0.3950 0.3130
0.5702 0.8247
0.8917 0.4050
1.0152 0.0011
0.5057 0.9133
-0.4180 -0.3118
-0.0872 -0.4595
-0.6793 0.6734
0.3730 0.8850
-0.8358 -0.7004
0.9001 0.4711
-0.7990 -0.6256
-0.3953 0.2885
-0.2661 0.4350
0.2105 0.4799
-0.5156 -0.8030
-0.2776 0.4440
0.7181 0.6202
-0.1647 0.4740
0.1217 0.5589
0.5221 0.0594
0.5166 0.7910
0.5012 0.3655
-0.3456 0.3789
0.9907 -0.0284
0.2918 -0.4165
-0.9630 0.0090
0.9482 -0.2376
-0.4791 0.0061
-0.0121 0.8378
0.4258 0.7567
-0.3300 -0.3091
0.7458 0.6935
0.4163 0.3263
0.2014 0.3969
-0.6126 -0.7328
-0.7879 0.6409
-0.4522 0.2048
-0.2233 0.4290
-0.3197 0.3083
-0.3365 -0.4191
-0.3335 0.4484
0.8705 -0.5185
-0.4092 0.4350
0.2672 0.2496
0.2158 -0.5248
-0.0210 0.5907
-0.3651 0.4513
0.4951 0.2378
-0.6854 -0.7981
-0.0229 0.5122
0.5002 -0.1691
-0.9749 0.0074
0.6283 -0.7988
0.0622 0.4471
-0.1139 -1.0343
0.2316 -0.4294
0.0465 -0.9468
-0.3433 -0.4525
-0.3707 -0.3398
-0.4531 -0.2117
0.2414 -0.4322
0.9782 0.1807
0.5744 -0.8244
0.5156 0.9032
0.4918 -0.7925
-0.2461 -0.9274
-0.8008 -0.5957
-0.0274 0.9984
-0.4147 -0.2374
0.3373 -0.3473
0.5709 0.8708
0.3735 -0.8246
-0.2120 0.3890
0.1563 0.4580
-0.0167 1.0477
0.1168 0.4326
-0.3938 0.3780
-0.4385 0.1043
-0.4259 -0.9402
0.1948 0.9736
-0.4443 0.2314
1.0528 -0.0933
0.3575 -0.3073
0.8649 0.4485
-0.7926 0.5804
0.5869 -0.2020
-0.4379 -0.2098
-0.4080 -0.2826
-0.3324 0.4781
-0.2248 0.8938
0.1694 -0.4845
-0.5190 0.8930
0.7935 -0.6407
0.4403 -0.9835
-0.9024 -0.3371
0.3447 -0.3477
-0.9405 0.2841
0.4412 0.3344
-0.8071 0.5570
-0.1445 -0.4889
-0.9290 0.3154
-0.7564 0.6373
-0.1003 0.5065
0.4805 0.2458
0.4632 -0.0696
0.0186 -0.4438
-0.8492 -0.4213
0.0396 1.0755
0.5207 -0.1182
-0.2661 -0.3884
0.9924 0.2834
-0.0157 -0.9857
-0.6989 0.7453
-1.1063 -0.0523
-0.4468 0.8798
0.0453 0.4839
0.4455 -0.9326
-0.8439 -0.3512
0.0270 0.4658
0.8512 0.6095
0.9789 0.0078
0.8476 -0.6409
-0.3424 0.3793
0.3651 0.3882
-0.6728 -0.6625
-0.5019 0.8613
0.2389 0.4206
0.4335 0.2929
0.4693 -0.1918
0.9372 0.1438
-0.8303 0.7271
0.2019 1.0150
-0.2780 0.9478
-0.9534 -0.2159
-0.4543 0.2285
-0.3132 -0.9257
-0.9426 -0.1758
-0.4804 0.1190
-0.5191 0.1149
-0.3300 0.2614
0.2018 0.9107
-0.4958 -0.3210
0.2764 -0.3833
0.3750 -0.8746
-0.9392 -0.4149
0.4240 -0.3043
0.7775 -0.6707
-0.1872 -0.4968
0.2440 -0.4569
0.3099 0.3585
-0.8670 -0.2122
0.0513 -0.5471
0.4433 -0.1641
0.2934 0.4563
0.1451 -0.4842
0.4915 -0.1041
0.4902 0.3084
1.0174 0.2329
0.4685 0.1070
0.4990 -0.9122
0.0254 1.0256
0.6552 -0.8115
-0.9064 -0.3638
0.8910 -0.3973
0.3682 0.2516
-0.8284 0.6561
0.1828 -0.4800
0.8251 -0.5453
0.6250 -0.6392
-0.4364 -0.4087
-0.4321 0.0467
1.0189 0.0097
0.1887 -1.0205
0.0388 -1.0107
-0.8402 0.5719
0.4604 0.3187
0.4286 -0.2091
-0.0444 -0.9777
-0.4460 -0.8978
0.3275 -0.3241
0.3940 0.1471
0.9565 0.1434
-0.8470 -0.5634
-0.3560 -0.9028
0.4401 -0.2647
-0.9425 -0.3591
-0.4170 0.7580
-0.4416 0.3347
0.5886 -0.8500
0.2248 1.0589
0.3429 0.4768
0.8706 0.4532
-0.0378 0.5241
0.1428 -0.5526
-0.7130 -0.6309
0.5004 -0.8237
0.4157 0.3128
-0.0519 -0.5351
0.5805 -0.0111
-1.0147 0.3169
-0.3352 0.4173
-0.1007 0.9928
0.5642 0.8402
-0.2848 -0.9612
-0.1959 -0.4064
-0.0523 -0.4754
0.7978 -0.5172
-0.8348 -0.7201
0.7284 0.7270
0.0137 0.4243
-0.1691 -0.5780
0.6914 0.6639
0.3823 0.7638
-0.7179 -0.6809
-0.4172 0.1468
-0.5641 0.0892
0.9649 -0.1118
-0.6712 -0.9025
0.3060 -0.9999
-0.7786 0.5107
-0.3774 0.0874
-0.1419 0.4062
-0.4715 -0.2901
-0.9433 -0.2021
0.5791 0.8071
-0.1473 -0.4959
0.4964 -0.1270
-0.6953 -0.8121
0.0825 0.4212
0.4533 0.2573
0.3729 0.3251
0.9888 0.2289
0.9359 0.3898
-0.6350 -0.8831
-0.4480 0.2995
-0.0285 0.5570
-0.5795 0.7867
0.4763 -0.8394
0.3469 0.9111
-0.5835 0.8038
0.1032 -0.5778
0.8905 -0.2318
0.8938 -0.4869
0.2797 -0.3990
0.3125 -0.3876
-0.2508 0.4719
-0.2719 -0.5007
-0.9152 -0.4475
-0.9064 -0.5794
0.5711 -0.0390
-0.4658 0.2294
-0.6630 -0.6827
-0.5421 -0.8179
-0.4911 -0.1511
0.4867 0.0446
1.0150 0.3898
0.1723 -0.9481
-0.6819 -0.6169
-0.4711 -0.0894
0.4860 1.0882
-0.0075 -0.4790
-0.4171 -0.2867
-0.0265 -0.4963
-0.5328 0.8376
0.0829 0.5768
0.2717 -0.4140
0.4494 -0.0237
0.8659 0.4705
-0.3786 -0.3224
0.7330 -0.5898
0.7742 0.6561
-0.2802 -0.4675
0.2717 -0.4421
-0.2712 -0.4315
0.4760 0.9301
0.1040 0.5213
0.3576 0.2565
-0.2443 -0.3623
-0.3646 -0.3599
0.0302 1.0091
-0.5221 -0.0938
0.4420 0.1911
0.2301 -0.3664
-0.0602 0.5052
-0.0319 -0.5017
-1.0570 -0.4149
-0.0726 0.5393
-0.8304 0.6388
0.4887 0.9348
0.0593 0.9484
-0.8930 0.4192
-0.5523 0.1145
0.4284 0.3923
-0.6982 -0.7036
-0.4663 -0.8482
-0.4405 -0.0994
0.9396 0.4314
-0.3702 -0.2246
0.3463 -0.4458
-0.9394 0.1882
-0.3986 -0.3161
0.5011 0.0467
-0.3725 0.2744
-0.2300 0.4265
-0.4815 -0.2291
0.3256 0.4635
0.0274 0.5607
0.2841 0.4611
-0.7869 -0.5735
-0.2089 0.4525
-0.1275 1.0247
-1.0824 -0.0020
0.9495 0.4411
0.1851 -0.4581
-0.2384 0.9500
0.5292 0.0562
0.3297 -0.3232
-0.1570 1.0118
0.3621 -0.9217
-0.5781 0.7392
0.0199 0.5218
-0.8747 -0.4328
1.0698 -0.0258
0.3525 0.1486
-0.5535 -0.0645
0.0760 -0.5098
-0.1441 -1.0121
0.9693 -0.2363
-0.9429 -0.1458
-0.1835 -0.4705
0.2823 0.4573
0.9800 -0.0167
0.4752 0.2339
0.5053 0.1390
-0.1526 0.4670
-0.5422 -0.0950
0.0823 0.5789
0.4658 0.9009
0.5036 0.0229
-0.4518 0.1423
-0.2610 0.4226
-0.8172 -0.6078
0.4440 0.8917
0.5453 0.0306
-0.3813 0.3287
-0.4583 -0.1156
1.0157 0.0405
0.2023 -0.4907
-0.3227 -1.0220
-0.0870 0.4920
0.4171 0.3019
-0.0468 1.0185
-0.8886 0.2849
0.8181 0.5300
0.1210 0.5011
0.1700 0.3690
-0.8966 -0.2026
-0.2793 -0.4074
-0.7232 0.6871
0.2643 -0.9761
-0.4136 -0.4088
0.2035 -0.5521
-0.2220 0.4252
-0.5255 0.2724
0.9746 -0.0677
-0.4511 0.1045
-0.4807 -0.8831
0.3142 -0.4028
-0.7439 -0.6814
0.3167 1.0353
-0.5233 -0.8095
-0.3219 -0.8926
0.9743 -0.2099
1.0488 0.1800
-0.4875 0.2223
0.5500 0.0956
-0.4727 0.1977
0.4248 -0.0760
-0.5357 -0.7351
-0.6447 0.7007
0.6412 0.7505
0.0533 0.4938
-0.1319 0.3822
-0.2788 -0.4157
0.3404 0.4003
-0.3712 0.3961
-0.5233 -0.0797
0.4806 0.1172
0.3035 0.3598
0.1924 0.4783
-0.5139 0.0265
0.5052 -0.1859
-0.4530 -0.9550
-0.4207 0.1975
0.5157 0.9144
-0.4976 0.1773
0.5071 -0.9037
0.2176 -0.5317
0.5139 0.8238
-0.9290 0.4002
0.4330 -0.2550
-0.0331 1.0803
0.1311 -0.9840
-0.5580 -0.8353
0.2655 -0.4170
-0.4313 -0.9387
0.1603 0.4016
-0.1546 -0.4973
-0.9026 0.1396
-0.3171 1.0342
-0.0981 -0.5104
-0.1281 0.5336
0.4084 -0.3523
0.0529 -0.4480
0.1166 -0.4965
0.3564 -0.4197
-0.4343 0.9151
0.7613 0.7224
0.2343 -0.4393
0.4458 0.0674
-0.1220 1.0500
-0.0278 -1.0209
-0.9369 0.1981
0.8632 -0.4198
-0.3582 -0.3385
-0.8404 0.6199
-0.9570 0.0653
-0.4299 0.0638
-0.0199 0.4775
-0.2195 1.0318
0.8675 0.3065
-0.9822 -0.0051
-0.1899 0.5010
-0.0507 -0.5100
0.9310 0.0841
0.4097 0.2740
0.7985 -0.5859
-0.4393 0.8790
-0.8748 -0.3509
0.8252 -0.4994
-0.5236 -0.0724
-0.1818 -0.3921
-0.9494 -0.0863
-1.0096 -0.0925
0.9653 -0.3429
-0.3877 0.8946
0.9239 -0.4389
-0.2210 0.9850
-0.0677 -0.9858
0.0480 0.4111
0.2138 -0.4702
0.0439 -0.5565
-0.9262 0.3188
-0.0951 -0.5190
-0.3656 0.3976
1.0426 -0.1164
0.1287 0.5103
-0.5586 0.7847
-0.4323 0.2297
0.3815 -0.9724
0.4992 -0.1460
0.9742 -0.1321
0.1450 -0.5135
0.4723 0.1809
0.1240 0.9496
0.8254 -0.6639
0.8464 0.5387
0.8946 0.3315
0.3005 0.9459
-0.0016 -0.4240
-0.1592 -0.3452
-1.0408 0.0742
-0.6183 -0.7543
0.0609 -0.4563
0.0204 0.4440
-0.8030 0.5012
-0.5267 0.0723
0.1661 -0.9652
-0.3405 0.9880
0.3643 1.0066
0.9380 -0.3237
-0.4581 -0.2519
-0.4986 -0.8825
-0.2926 -0.4390
-0.2944 0.9722
0.0946 -0.5144
-0.3398 -0.3039
-0.5060 -0.1543
0.6401 -0.6629
-0.0612 -0.6266
-0.9942 0.3655
-0.2033 -0.9554
-0.2101 -0.4345
0.1559 0.9588
0.2193 -0.4779
-0.1766 -1.0327
-0.9858 0.5205
-0.4111 -0.8616
-0.3180 -0.4590
-0.9693 0.1063
-0.5358 0.1823
-0.9696 -0.2946
0.2017 1.0601
0.1797 -0.4741
-0.9707 0.5278
-0.9826 -0.2332
-0.1766 0.5107
-0.3864 0.2203
0.8277 -0.6086
0.3371 -0.4541
0.1868 0.4373
-0.9210 -0.4331
0.3112 -0.9458
0.0460 0.5347
-0.1142 0.9461
-0.8240 -0.6170
0.9376 -0.3723
1.0056 -0.2592
-0.8337 -0.5807
-1.0730 0.0327
-0.8814 -0.2555
0.0679 0.5020
0.4259 0.9601
0.4279 0.2555
0.9287 -0.3303
-0.0751 0.9608
0.4750 -0.1334
0.0543 -0.9661
-0.5116 0.0267
0.0071 0.5038
-0.1756 0.9551
0.1493 -1.0143
0.4398 -0.1120
0.3995 0.2709
-0.0924 1.0207
0.0551 0.9231
-0.5355 0.8590
0.3411 -0.2466
0.1677 -0.9961
-0.4301 -0.0865
0.9100 0.4162
-0.3976 0.3682
0.4152 0.3758
-0.2447 -0.4037
0.3251 1.0515
-0.3526 0.9062
-0.9472 0.1778
-0.8908 -0.6178
0.4505 -0.2506
0.9266 -0.0865
0.1938 -0.4870
0.5786 0.6431
-0.5566 0.0880
-0.4312 -0.2462
0.1929 0.4293
0.0489 -0.4279
-1.1492 0.1201
1.0724 -0.0752
-0.1190 -0.9797
0.9233 -0.5575
1.0094 -0.2363
0.0549 -0.5329
-1.0105 0.1725
0.6250 -0.8430
0.6985 0.7178
0.4697 0.2647
-0.5078 0.0421
-0.6843 -0.6437
-0.7231 -0.7475
-0.1912 0.4484
-0.3027 1.0507
-0.7800 0.7161
0.5553 0.0385
-0.9787 0.4484
0.5265 -0.1637
0.1744 0.4616
-0.5796 0.8766
0.0854 0.4886
0.4594 -0.1970
0.4526 -0.2338
0.0789 -0.5804
-0.0355 0.4765
-0.6816 -0.7166
-0.4628 -0.2790
0.0704 0.4911
0.4635 0.0521
-0.1434 -0.3975
0.4650 -0.2887
0.8148 -0.4747
0.0165 -0.9880
-0.2752 -0.4654
-0.4507 0.1619
0.1596 1.0118
0.9409 0.1195
-0.4945 -0.1874
0.1711 -0.9498
-0.2174 0.8899
-0.8949 0.5861
-0.0456 -0.9623
0.8441 -0.6265
-0.4230 -0.3132
-0.4841 -0.0817
0.2452 0.3395
-0.5142 -0.0474
-0.1300 0.4754
-0.3027 -0.3636
-0.4455 -0.1337
0.4278 0.2885
-0.8759 0.4799
0.3887 0.1790
0.7461 -0.7348
-0.4418 -0.2143
0.4422 -0.1597
-0.2942 -0.3803
0.2202 -0.9671
-0.7631 0.5354
-0.5454 0.1594
0.1520 -0.4702
0.4091 0.3281
0.3904 0.9352
-0.9807 0.1461
0.9985 -0.0550
-0.1752 0.5043
0.3305 0.3983
-0.3934 0.3401
0.4145 -0.2959
-0.2426 -0.9567
0.3829 0.1789
-0.3600 0.9824
0.6177 -0.7246
0.1215 -0.4967
-0.9674 0.0946
-0.8937 -0.3855
0.5032 -0.9250
-0.3222 -0.3592
0.0569 0.5507
0.5693 0.2496
0.0099 0.4575
0.9495 -0.1200
-0.3528 0.3135
-0.4458 0.3166
-0.5513 -0.8011
0.4767 -0.0822
0.3926 -0.3255
0.7881 0.6237
0.4899 -0.0975
0.3511 0.4518
-0.8453 -0.5894
0.3042 -0.3400
-0.0413 -0.9394
0.4367 -0.1232
0.5531 -0.3046
-0.3439 -0.9076
-0.7919 -0.5712
0.4752 -0.0767
-0.5223 -0.9101
0.4108 0.4068
-0.5047 0.1553
-0.5150 0.0586
0.5393 -0.1368
0.4391 -0.1537
-0.1010 -0.4087
0.1032 -0.4881
-0.1199 -1.0326
0.0407 -1.0305
-0.1961 -0.4458
0.5235 0.0684
0.2567 0.4369
-0.9488 0.2380
0.1947 0.5209
0.5270 0.1934
0.9510 0.0046
0.2111 0.5110
-0.1938 -0.9644
0.0141 -0.9435
-0.9479 0.3733
-0.6234 0.0364
0.5398 -0.2126
0.0923 -0.5081
-0.7165 0.7732
0.4719 -0.0348
-0.0195 -1.0958
0.1686 -0.4362
0.4653 0.0530
-0.3571 1.1005
1.0017 -0.2083
-0.3527 -0.3318
0.5078 -0.8401
0.9785 -0.3631
0.8904 0.5670
-0.2633 -0.3353
-0.1551 1.0835
-0.1310 -0.4793
-0.2058 -0.4284
0.1219 -0.9956
0.1964 1.0094
-0.1761 0.4634
-0.2398 -0.3999
0.1673 -0.3699
0.4338 -0.8961
0.1592 -0.4932
-0.2855 1.0195
-0.8250 0.5004
-0.4704 0.0315
0.2326 -0.4027
-0.2550 0.4767
0.3745 -1.0130
-0.4628 0.3107
-0.4560 -0.1626
0.3714 0.9199
0.5522 -0.8538
0.3489 0.3464
-0.4871 -0.2763
0.4802 0.3275
0.2370 -0.5022
-0.6121 0.8204
0.4385 0.0704
0.2912 0.9302
-0.1275 -0.5315
0.9471 -0.0968
-0.5594 -0.2991
-0.0813 -0.4806
0.0472 0.4844
0.9768 -0.1008
0.3707 0.3128
-0.1863 -0.9217
-0.4189 0.1656
-0.6021 -0.8071
-1.0196 0.1832
-0.5958 -0.7682
0.3763 0.3143
-0.4714 0.2077
-0.3684 -0.1699
-0.4671 0.0498
0.5244 0.8575
-0.3651 0.3848
-0.0063 -0.5526
-0.3696 -0.3164
0.7427 0.8193
-0.9624 0.2523
0.4231 -0.2356
0.6076 0.8171
0.3802 -0.9178
0.4737 0.0711
0.9880 -0.3842
0.2586 0.3299
0.6546 -0.7044
-1.0170 0.1414
-0.0597 -1.0060
-0.0265 0.5440
-0.2970 -0.3570
0.8372 0.5326
-0.7020 0.6808
0.6747 -0.7867
-0.4162 0.9185
-0.1710 0.4426
0.1247 -0.9713
0.3963 0.9302
-0.4380 0.0903
0.9737 0.3868
0.6943 -0.7300
0.2564 0.9796
0.8650 -0.6162
0.6333 -0.8399
0.2699 -0.3686
0.0757 0.9683
-0.4245 0.2104
-0.1196 -0.4698
-0.4731 0.0390
-0.2589 0.8804
0.9998 0.2531
0.3944 -0.3925
0.3372 -0.2742
-0.1118 -0.4998
0.3316 0.4726
-0.8985 0.2317
0.1800 0.4400
-0.4231 -0.1878
-0.5288 -0.0338
0.2073 -0.3952
0.5019 0.2083
-0.5538 -0.1682
0.3064 0.5196
1.0187 0.2176
0.0272 0.9668
0.3835 0.9498
-0.8398 -0.4409
-0.4445 -0.1128
0.3810 0.1916
0.3875 -0.2216
-0.9349 0.2477
-0.9421 -0.1773
-0.5670 -0.7779
0.9334 -0.4054
-0.4152 0.0429
0.4471 0.0193
0.0549 -0.4552
0.1834 1.0264
-1.0068 0.3170
0.3212 0.8972
0.1446 -0.4540
0.2852 -1.0915
-0.3314 -0.4062
-0.4856 0.9741
0.5273 -0.8556
-0.7177 0.7367
0.5275 0.8635
-0.0923 0.4996
-0.2799 -0.9834
0.6301 -0.7833
0.5536 -0.2157
0.4311 0.0769
-0.7937 0.6172
0.6834 -0.6021
-0.4672 -0.3692
-0.5331 0.1416
-0.7889 -0.5212
-0.0157 -0.4796
0.3191 0.3659
0.3769 -0.1521
-1.0724 -0.2237
0.6127 -0.7849
-0.0499 -0.4627
-0.4486 0.0571
0.9472 -0.3150
-0.7153 0.8061
0.4471 -0.2369
0.7426 0.6598
-0.7304 -0.6794
0.4157 -0.8814
0.3278 -0.8520
-0.3100 -0.4130
0.8231 0.5078
0.4558 -0.0860
-0.9647 0.4284
-0.5407 0.0067
0.8129 -0.4489
0.6993 0.6323
-0.4354 -0.3185
-0.9552 0.3088
-0.4955 0.2414
0.6668 0.7638
0.7591 -0.7251
-0.6796 0.7289
-0.2884 -0.9745
0.2274 0.5208
-0.4947 -0.8742
0.6350 0.7840
-0.2717 -0.9999
0.2897 1.0495
-0.0087 0.4341
0.0632 -0.4906
-0.4274 -0.8428
-1.0391 0.0296
0.4890 0.0388
0.9672 0.0203
0.8115 -0.2858
0.2724 -0.2870
0.0598 0.6368
-0.8173 0.4144
-0.9898 -0.2487
0.3286 -0.3787
0.9040 0.1809
-0.7328 0.6961
0.3355 -0.9335
-0.3191 -0.9342
-0.2125 0.5304
-0.5725 -0.7730
-0.2287 -1.0224
-0.3578 -0.3925
-0.5074 0.0558
-0.1252 -0.9851
0.7266 -0.7214
-0.1911 0.3671
0.3912 -0.3351
-0.1823 -0.4017
0.0682 0.4760
0.0696 0.4433
0.3884 0.0114
0.3059 1.0065
0.9698 -0.1132
-0.9405 -0.4244
0.4195 1.0293
0.2927 -0.3751
0.9614 0.2946
-0.3568 0.9881
-0.6050 -0.2257
-0.4202 0.8555
-0.6146 -0.6620
-0.9449 -0.2808
-0.0467 -1.0293
0.8692 0.4851
-0.6139 -0.1118
-0.5601 -0.1054
0.0778 -0.5426
0.8071 -0.6419
0.2178 -0.5223
-0.2755 0.3733
0.5701 -0.8465
0.2731 0.4588
0.1928 0.5272
0.1566 0.4779
-0.5185 -0.0072
-0.3561 -0.3030
-0.4478 -0.2545
-0.4197 -0.2079
-0.4788 -0.2685
-0.9705 0.2827
-0.6588 -0.7321
0.9065 0.1587
-0.1398 0.5137
-0.4377 -0.0619
1.0169 0.2741
0.0786 -0.6066
0.8801 0.2498
0.0475 0.9504
0.4778 0.9265
0.6335 0.7659
-0.7774 -0.5858
0.2750 -0.9053
0.4760 -0.1396
0.4885 0.8712
0.4180 0.3062
0.4065 0.0509
-0.0541 -0.5232
-0.4751 0.8717
-0.9667 0.1166
0.9497 0.1820
0.6473 0.7823
0.3922 0.8983
-0.0938 0.9960
0.9050 0.2016
0.8452 0.6133
0.9365 -0.5670
0.4527 0.2027
0.8588 -0.7280
-0.2028 0.4707
0.8050 -0.4910
0.1571 -1.0455
-0.5387 0.0968
-0.4312 0.0684
-0.4478 -0.1109
0.2959 0.4434
-0.3641 0.9891
-0.8284 -0.6257
-0.6526 0.8139
-0.9536 0.3973
-0.2082 0.3374
-0.5446 0.1717
0.1917 0.4788
0.4170 -0.1771
-0.2928 -0.4174
0.0707 0.4710
-0.3654 0.4596
-0.5404 -0.8739
1.0761 -0.3781
-0.3356 -0.9549
0.1189 1.0307
0.4963 0.0954
-0.1720 0.4136
-0.0350 0.6277
-0.2271 0.5208
-0.3438 0.3098
0.7460 -0.6816
-0.3669 -0.8446
-0.3272 -0.2720
0.3232 -0.3470
0.1300 0.4532
0.7177 0.7129
-0.2267 0.8650
0.3838 -0.2344
-0.4896 0.0255
0.2254 -0.9718
-0.4243 0.2565
-0.9104 0.2609
-0.9901 0.2147
0.8334 0.5029
1.0792 0.1179
-0.3334 -0.9291
0.2004 -0.3594
0.2783 0.4308
-0.3176 0.4323
0.1372 -0.4991
0.2034 0.9702
0.0015 -0.4857
-0.0630 -1.0171
0.3949 -0.2836
-0.3377 -0.3206
0.0159 0.5246
0.9159 -0.2452
0.4930 0.8996
-0.3452 0.2528
-0.3797 -0.3553
-0.4507 0.3150
-0.1682 0.5853
-0.3532 0.2245
-0.1654 -0.3658
0.1378 -0.5681
-0.3709 0.3008
0.9635 0.2384
0.9393 -0.4104
-0.5254 -0.7958
0.7880 -0.5821
-0.4978 0.1898
-0.2076 0.5031
0.2936 1.0111
-0.4230 -0.3079
-0.1743 -0.4870
-0.1669 -0.4245
-0.6492 0.8624
-0.0119 0.4895
0.8160 -0.5409
-0.8744 -0.4659
0.1957 0.4327
-0.4305 0.8288
0.6438 -0.0097
-0.9436 -0.4881
-0.1379 0.9299
0.7990 0.5290
-0.9232 0.4855
-0.5466 0.8990
-0.2313 0.3675
-0.0271 0.5146
0.5756 0.0077
-0.9090 0.2966
-0.8368 0.5098
1.0007 0.0771
0.9254 0.4919
0.5848 0.8844
0.1913 0.5057
0.4669 -0.0991
-0.4855 -0.2487
0.4252 -0.2697
0.2923 -0.4595
0.3267 0.3164
0.5743 -0.0596
-0.8581 -0.3377
0.2756 -0.9579
-0.2830 0.4557
0.4761 -0.1867
0.2536 0.3624
-0.0759 -0.9665
0.4569 -0.0148
-0.1273 -1.0322
0.7760 0.4429
0.4501 -0.8060
0.4326 -0.9118
0.6596 -0.8564
-0.3372 0.3369
0.6746 0.8198
-0.5196 -0.2748
-0.8641 0.4738
0.9901 -0.1609
-0.0361 0.4581
0.5630 0.7386
0.4585 0.0661
0.3925 -0.9795
-0.6704 0.7834
-0.6594 -0.8034
1.0215 -0.0266
0.0701 -0.4442
0.2231 -0.5339
-0.8617 0.5630
-0.3982 0.2480
0.6998 0.7218
-0.9253 -0.3177
0.2441 -0.4230
-1.0016 0.3627
-0.4783 0.3336
0.9397 0.2179
0.8852 -0.4623
-0.3665 0.9721
-0.1921 0.8614
-0.4464 0.1379
-0.3013 0.3389
-0.0916 -0.5397
-0.9002 0.1129
0.9694 0.2627
0.4061 0.1019
-0.3035 -0.4067
0.4738 0.1041
-0.6898 0.6857
-0.4074 -0.2482
-0.0268 -1.0062
-0.1281 0.4409
-1.0268 -0.1213
-0.4686 -0.2598
-0.9486 -0.1713
-0.8772 -0.4164
0.4227 -0.8831
0.9414 -0.3749
-0.5478 0.8667
0.3442 -0.4397
-0.4172 0.1410
0.1401 1.0309
-0.8640 -0.5786
-0.9870 0.0191
-0.8851 -0.4558
0.4841 0.0748
0.0533 -0.9298
0.9420 -0.2729
0.9064 -0.4133
-0.4365 0.1400
-0.1167 -0.4964
-0.7539 0.7135
0.2100 0.9386
-0.4731 -0.9374
-0.4948 -0.1424
0.1260 0.4683
0.4356 -0.2131
0.4471 -0.3258
-0.3515 0.4028
0.5709 0.9095
0.4052 0.3485
-0.1991 -0.9589
-1.0365 0.0031
-1.0548 -0.0785
0.3198 -0.2965
0.7942 0.6462
-0.4786 0.8475
-0.7542 0.6683
0.4353 0.2673
0.4052 -0.0126
-0.1886 -0.4180
-0.3558 0.3604
0.9170 0.0805
0.3811 0.3810
0.5556 -0.2073
0.2461 0.4944
0.5783 0.8901
0.1828 0.4267
-0.9159 0.4190
-0.4160 0.3653
0.9987 -0.0202
0.5519 -0.1180
0.3376 0.3562
0.1868 -1.0478
0.1933 -0.4067
0.9459 -0.1459
-0.2097 0.4676
0.9921 -0.0309
-0.6698 0.7661
-0.6518 0.8798
-0.2839 0.4759
-0.5645 -0.8233
-0.1550 0.3881
-0.5435 -0.1236
-0.3152 -0.3685
-0.3692 -0.4185
0.4011 -0.1732
0.3766 -0.4021
-0.0731 0.9470
0.4276 -0.3185
0.2002 -0.3993
-0.9469 0.4585
0.2887 -0.4290
-0.6118 0.7996
0.7700 0.7256
-0.2788 -0.4871
0.0892 0.9811
-0.9792 -0.2261
0.7094 0.6783
0.7086 0.6515
-0.2074 0.5302
-0.1124 -0.5146
-0.4575 -0.1311
0.1743 1.0118
0.1746 0.4040
-0.4576 0.2189
0.4535 0.2178
0.3997 -0.3035
-0.0486 0.5484
0.6104 -0.8242
0.6824 -0.7789
0.8614 -0.5393
0.8952 0.3196
0.2897 -1.0082
0.4570 0.3258
0.1651 -0.4850
0.4374 0.8571
-0.0029 -0.5269
-0.1691 -0.4710
0.4833 0.0277
0.3000 -0.9581
0.5908 0.7196
0.4842 -0.1846
-0.0810 -0.4194
-0.7945 -0.5822
0.4980 0.0893
0.9590 0.3040
-0.1441 0.4510
0.2664 0.9926
-1.0286 0.1494
0.5973 -0.7606
-0.4547 0.2702
1.0456 0.2622
-0.2635 0.4221
-0.2960 -0.4499
-0.3315 0.8555
-0.2667 -0.4508
-0.1229 -0.4786
-0.8085 -0.4183
