1.6390 -0.3758
0.5265 0.9536
0.9087 0.1628
0.0547 0.2283
-1.0653 -0.0459
-0.0830 1.0276
1.8143 0.0202
0.3829 0.9497
0.3423 -0.3441
0.9501 0.3173
-0.9803 0.2522
0.1181 0.9726
0.8618 -0.4787
0.0980 -0.1796
1.7628 -0.2755
1.4613 -0.3694
0.6275 -0.4405
-1.0143 0.3714
0.7355 -0.5272
0.0524 0.9750
0.3954 -0.2884
0.0256 0.3118
1.7498 -0.1367
-0.0757 1.0109
1.3395 -0.4185
-0.9996 0.3711
0.2714 0.8686
0.5768 0.8038
0.9995 0.2089
1.8658 0.0550
-0.8490 0.4832
0.4620 0.9199
0.0535 0.2713
0.5664 -0.4344
0.9986 0.2911
-1.0272 0.0013
1.7755 -0.0132
1.4461 -0.3023
2.0014 0.3441
-0.3685 0.8216
-0.1207 1.0396
1.0577 0.2208
2.0048 0.4911
1.6314 -0.2762
0.0522 0.2193
0.8929 0.1829
1.9510 0.2316
0.3053 0.9665
0.4069 0.9224
-0.8161 0.6790
1.8967 0.1229
0.9701 -0.4320
1.8104 -0.1437
0.9841 0.1719
1.3871 -0.4050
0.9776 0.5166
0.1769 -0.1399
0.5598 -0.3805
1.4783 -0.3504
1.9078 0.3005
2.1161 0.3528
0.0804 0.1276
1.1721 -0.4988
1.8791 -0.0412
-0.3307 0.9775
1.0665 -0.4708
0.2100 -0.2135
0.9367 -0.4803
0.2972 1.0548
1.2631 -0.4487
-0.1835 0.9844
-1.0385 0.2344
0.9827 0.2943
1.7115 -0.1901
0.7091 0.7388
1.6300 -0.3834
0.9908 0.3625
0.5024 0.8331
-0.0888 0.9432
1.5812 -0.3991
-0.2239 0.9515
-0.1133 0.9729
1.5118 -0.2892
-0.9929 0.0817
0.6871 0.7555
1.8193 0.0346
0.9808 0.2039
1.1229 -0.4821
1.8470 -0.0527
0.0429 0.4946
-0.8920 0.4610
2.0708 0.4647
1.8754 0.1316
1.0690 0.1277
1.0407 0.1350
-0.0197 1.0046
2.0021 0.1847
1.5062 -0.3739
-0.6606 0.7705
1.9503 0.4228
0.3425 0.9239
1.6732 -0.2765
0.0683 0.3257
1.9346 0.1649
0.7592 0.6175
0.6118 0.8365
0.2013 -0.0296
0.6427 -0.4213
-0.9516 -0.0192
-0.7031 0.7159
1.8055 0.0819
2.0577 0.3418
0.2420 0.0343
0.4634 0.8921
-0.8274 0.4534
0.8649 0.6449
1.0809 0.0713
0.7049 0.6227
1.0300 -0.5284
0.8204 0.5135
1.6821 -0.2369
0.8444 -0.4366
0.0163 0.1163
-0.6468 0.6965
1.4694 -0.3809
1.4179 -0.4070
0.9633 0.4974
1.5311 -0.3909
0.1143 1.0601
0.6976 0.7044
1.2942 -0.5484
0.8082 -0.5821
0.7851 0.7561
-0.1041 1.0405
0.1513 1.0291
1.4415 -0.4032
0.5246 0.7948
0.1611 0.1084
1.9995 0.4434
0.9506 0.3598
0.0226 0.2720
-0.5193 0.8386
1.1804 -0.3932
0.2729 0.9924
-0.8879 0.2494
0.6447 0.6747
1.0473 0.0041
-0.0759 0.3657
0.4685 -0.3794
1.5643 -0.3950
0.1678 -0.0627
-0.4469 1.0012
0.9841 0.1852
0.3134 -0.2526
1.9045 0.2988
-1.0022 -0.0495
0.0272 0.4147
1.3753 -0.3784
0.8028 0.5347
1.0013 0.2370
0.8679 0.3418
1.7590 -0.0911
1.9633 0.2908
0.4863 0.7395
1.2536 -0.5280
-0.9839 0.2730
0.0710 0.1929
1.5091 -0.3247
1.4244 -0.3878
1.2879 -0.4479
2.0988 0.3967
-0.5168 0.8759
-0.6936 0.6160
-0.0285 0.9696
0.2316 0.8749
0.0032 0.2066
-0.3699 0.9192
1.3512 -0.4358
0.8323 0.5363
0.8930 0.3113
0.8788 0.4538
1.2588 -0.4896
-0.2692 0.8930
0.1270 -0.0486
1.8649 -0.0100
0.2847 1.0126
-0.6901 0.7083
1.6216 -0.2832
-0.8991 0.4989
-0.2430 1.0090
1.6388 -0.2502
-0.4926 0.8866
1.0239 -0.5037
0.7521 0.6253
-0.0057 0.2056
-0.7977 0.5686
0.4626 0.9121
1.8291 -0.0234
0.9625 0.1479
-0.3089 0.9134
0.9462 -0.4765
1.5489 -0.4035
-0.9296 0.0908
1.9602 0.1772
0.2787 -0.2686
0.3311 -0.2275
-0.8557 0.3472
0.1772 0.9685
0.2593 -0.1934
0.7963 -0.5116
0.9692 0.3466
1.1079 0.0759
-0.8060 0.5469
0.1890 0.9541
-0.8549 0.3462
1.7107 -0.0832
0.6270 -0.3166
1.3267 -0.4401
0.2910 -0.2514
0.4975 0.9278
1.5772 -0.3775
2.0330 0.4993
1.3398 -0.4666
0.3851 -0.2875
-0.9862 0.1678
1.7142 -0.1338
-0.1309 0.9831
-0.6418 0.7396
0.6141 -0.2556
1.5398 -0.3910
-1.0379 -0.0040
0.6664 -0.4485
1.9406 0.0298
-0.4525 0.8228
0.6062 -0.4112
0.8304 -0.5075
0.8121 -0.5033
0.8483 0.3300
0.2969 -0.1759
0.8370 0.6149
-0.6233 0.8950
0.9717 0.3673
-0.1197 0.9865
0.4889 0.8808
-0.4899 0.8609
0.0310 0.4729
-0.8526 0.4129
1.7225 -0.1969
1.9596 0.2225
-0.3767 0.8600
1.0618 -0.4868
-0.2701 1.0177
-0.9792 0.3708
1.6859 -0.0844
-0.6580 0.7794
-0.6099 0.8386
1.9903 0.5405
0.4169 -0.3333
0.3088 0.8936
0.9717 -0.0119
1.8030 -0.0724
1.9727 0.3866
-0.2299 0.9605
0.1431 -0.2080
1.2177 -0.3816
0.0621 0.8886
0.7621 -0.4065
2.1092 0.3646
0.7574 0.6187
-0.9360 0.0167
1.8149 0.0496
0.7799 0.6179
0.5342 -0.2392
0.6167 -0.4919
0.7820 -0.4097
1.9998 0.1950
-0.9437 0.3780
-0.9053 0.5401
1.1284 -0.4703
-0.7593 0.6180
1.6791 -0.2035
2.0414 0.3623
-0.0802 1.0164
1.5365 -0.3001
0.1997 0.9967
-0.5922 0.8406
-0.4240 0.8446
1.9040 0.0053
-0.4388 0.8783
-0.2438 0.9942
1.1799 -0.4647
0.3325 -0.2242
1.9371 0.2431
0.7122 0.6504
0.6818 -0.4340
0.8651 0.5345
0.3832 -0.3241
0.4294 -0.2681
1.4253 -0.5296
-0.6285 0.7759
0.4138 -0.3939
0.9604 -0.0291
0.6253 0.7870
1.5623 -0.3059
-0.5436 0.8533
0.4082 -0.3358
1.0048 0.2925
-0.0217 1.0129
0.0836 0.0796
0.2013 0.9934
0.8560 0.5057
0.0003 0.4179
0.4338 -0.2691
0.0324 0.4127
-0.7012 0.6647
0.7430 0.7198
-1.0656 0.0181
-0.9778 0.2312
1.9960 0.1490
0.8915 -0.5984
0.1634 0.0684
0.9040 0.6468
-0.6415 0.5300
1.6118 -0.3102
1.8503 -0.1562
0.8725 0.4971
0.9598 0.1121
0.5877 -0.4088
0.1520 -0.0474
0.0944 -0.0482
1.1846 -0.5055
0.9090 0.4356
1.7826 -0.1125
-0.7165 0.7336
-0.2709 0.9065
-0.9840 0.1976
0.4551 0.8857
0.2711 -0.1667
0.0339 0.3535
-0.3508 1.0222
0.8617 -0.4706
0.7371 0.7587
0.2848 -0.2723
0.9642 0.1570
-0.8308 0.5865
-0.0385 0.2690
-0.6852 0.7295
0.0421 1.0280
-0.8251 0.4212
-0.0618 1.0217
0.8130 0.5094
0.6491 -0.3549
0.7450 -0.4225
-0.0970 0.9622
-0.9194 0.5551
0.9622 0.1613
-0.0964 1.0202
0.2419 1.0086
-0.2378 0.9730
0.5714 0.8628
1.8025 -0.0515
-1.0056 0.0819
0.5118 0.9089
0.2841 0.9726
-0.8635 0.5647
-0.8874 -0.0057
-0.1053 0.9878
1.4734 -0.4578
0.7669 -0.5637
0.7627 -0.4925
0.9894 0.0589
-1.0279 -0.0400
0.5487 0.9000
0.0119 1.0234
-0.5356 0.9390
0.8714 -0.6025
-0.0233 0.3817
1.7647 -0.0265
-0.8736 0.3138
-0.3709 0.9368
1.7182 -0.1426
1.8837 0.0514
1.7805 -0.1756
1.5626 -0.4181
0.9195 0.1278
0.0418 0.9914
-0.1352 0.9050
-0.6293 0.7134
-0.3880 0.9809
1.9842 0.1686
-0.2339 0.9295
0.9374 -0.5265
0.8935 -0.4682
-0.7618 0.6210
-0.3595 0.9214
-0.1773 0.9837
-0.8044 0.6068
2.0652 0.3582
-0.9977 0.3059
1.6964 -0.2434
0.3095 1.0388
-0.7459 0.4968
0.4573 0.8753
0.2396 0.0094
0.7479 -0.4337
-0.9172 0.4172
0.8422 0.5073
1.2154 -0.5262
1.0231 0.0625
0.5706 0.8478
-0.3687 0.9041
-0.7940 0.4884
0.2712 0.9255
0.5838 0.8612
-0.5374 0.8070
0.0387 0.9229
0.7500 -0.4695
0.5659 0.8558
0.9202 -0.5944
1.0099 -0.5327
0.9210 0.2605
0.6397 -0.4865
0.2148 0.2462
0.0034 0.4686
2.0315 0.4446
0.8679 -0.4202
-0.9632 0.2210
0.5932 0.7239
-0.8588 0.5342
0.9493 0.1029
1.0087 -0.5168
1.0606 -0.5134
0.8975 0.3928
-0.5197 0.9662
0.5599 0.7335
0.0134 0.3867
0.3072 0.9192
0.9487 0.3192
0.7915 0.4755
0.0058 1.0317
2.0203 0.4060
0.9748 0.1063
-0.7246 0.5689
1.9400 0.2870
-0.8668 0.3090
-0.7161 0.8052
-0.7403 0.6129
0.6961 0.6993
1.8766 0.2452
0.2597 0.9258
1.9070 0.1428
1.8795 -0.0486
0.3394 -0.2526
-0.8466 0.4624
0.4219 -0.2413
0.3019 -0.1953
-0.8738 0.3752
1.3225 -0.3928
-0.9563 0.3362
0.3170 0.9164
0.0608 0.3508
0.6400 0.6462
0.5240 -0.3662
-0.4462 0.9119
-0.9676 0.0727
0.8049 0.6071
0.4233 -0.2041
0.8326 0.4752
-0.0461 0.4633
0.0732 1.0048
-0.9533 0.3758
-0.2905 0.9860
0.3002 -0.2551
1.2290 -0.4243
1.0149 0.4149
0.6635 -0.4092
0.3061 -0.3003
1.0019 0.1181
0.5688 -0.4529
1.8998 0.0601
0.9370 0.1959
1.7920 -0.0797
0.5390 -0.3745
0.4495 -0.3397
0.0392 0.2392
0.3499 0.8601
1.7305 -0.0357
-0.0173 0.2200
-0.9116 0.5601
-0.3119 0.9947
0.9415 -0.5674
0.1971 0.9366
1.9496 0.5292
-0.9696 0.3468
0.1352 0.1094
0.8506 -0.4923
0.5147 -0.2805
-0.0244 0.4881
0.8295 0.5591
1.5573 -0.2837
1.8529 -0.0764
0.7714 0.5672
1.8995 0.0871
1.6330 -0.3237
-0.8643 0.4967
0.0022 0.9269
0.4967 -0.3164
-0.9074 0.0991
0.0879 -0.1636
1.9376 0.2819
0.3875 0.9139
0.9446 -0.5436
0.0294 0.4406
-0.9468 0.2259
0.9977 0.3632
-0.5389 0.8519
-1.0035 0.2459
0.1440 -0.0552
0.5022 0.8305
-1.0041 0.2571
0.1128 0.1794
0.4627 -0.1910
1.5416 -0.2486
-0.5280 0.9044
-0.7904 0.4353
1.5852 -0.2825
0.4104 -0.3337
0.8892 -0.4081
0.0320 0.0606
1.2165 -0.5522
0.9350 0.3166
-0.9698 0.1231
-0.5969 0.7398
-0.9360 0.0809
-0.2233 0.9266
1.9933 0.3727
-0.3125 0.9689
1.3717 -0.3412
1.1415 -0.5182
-0.1537 0.9941
-0.2850 0.9276
0.6152 -0.5432
0.0305 0.0756
0.3595 -0.2063
1.2683 -0.4324
-1.0190 0.0852
0.3624 -0.3134
0.2607 -0.1829
1.8146 -0.0538
-0.7478 0.7216
-0.5919 0.7624
1.4607 -0.3988
0.0249 0.4893
1.5090 -0.3611
0.7319 0.6196
-1.1137 0.0678
0.4489 -0.2312
0.7881 0.6442
0.1122 0.9676
0.0916 0.5067
0.4453 -0.2576
0.8671 0.4913
-0.0415 0.3577
2.0605 0.3629
0.1469 -0.0560
0.2789 -0.1920
0.8861 0.5210
1.1099 -0.4474
1.9283 0.0099
-0.0828 0.4926
0.3461 0.9545
0.0438 0.2488
-0.0395 1.0980
-0.1735 0.9769
0.6770 0.9009
-0.8936 0.3220
1.0853 -0.5453
-0.8240 0.6032
1.1447 -0.4784
0.1867 0.9053
0.8058 -0.4538
1.9987 0.3971
0.2148 -0.1707
-0.9016 0.2964
0.2417 0.0084
-0.2293 1.0224
0.9192 0.4106
0.3454 -0.2886
-0.5084 0.8672
0.0330 0.2350
0.3107 0.8911
0.2381 1.0202
0.1734 0.8753
1.9585 0.2931
0.9209 -0.0005
0.6061 -0.3776
-0.5922 0.7890
0.4670 0.8473
1.0550 -0.4927
-0.3816 0.8729
1.6551 -0.2021
0.4758 -0.3779
0.6173 -0.4529
1.8013 -0.1294
-0.0091 1.0297
0.7950 0.3279
0.3108 1.0697
-1.1053 0.1677
-0.7715 0.6756
0.1881 0.9862
0.8171 0.6869
2.1327 0.4977
0.9820 -0.4972
0.1104 -0.0760
1.5691 -0.2550
0.6459 -0.4001
-0.9411 0.3187
0.0333 0.3783
1.8350 -0.1396
0.1869 -0.0722
0.5492 -0.3735
-0.8128 0.6018
0.3969 0.9015
0.2571 -0.0712
1.8604 0.1558
0.8017 0.6395
-0.5251 0.9101
1.1793 -0.4662
-0.9603 0.1602
0.9150 0.3110
0.8185 -0.5656
-0.9590 0.2001
1.8777 0.2932
0.7361 0.6330
-0.7273 0.7701
-0.2896 0.9791
0.3239 -0.1460
0.6054 -0.4709
1.0355 0.1820
1.8385 0.0902
-0.6267 0.8197
0.4211 -0.2887
0.1826 -0.0260
0.7218 0.7962
-0.7858 0.6624
2.0096 0.3752
1.3938 -0.4426
1.4005 -0.4249
0.1699 -0.0537
0.4662 -0.2249
-0.1967 0.9017
0.3794 -0.2743
1.8809 0.1385
0.6239 -0.3382
1.0177 0.0763
0.1056 0.0583
0.3573 -0.2228
0.8020 0.6067
0.8051 0.5953
0.6347 0.7779
0.6055 0.7011
-1.0159 0.2643
1.0671 0.1605
-0.6579 0.6941
0.9786 -0.4145
-0.4870 0.8592
2.0360 -0.0879
-0.5260 0.8753
-0.8477 0.6354
1.2180 -0.4400
1.8509 -0.0953
0.0587 1.0524
2.0131 0.5083
1.3226 -0.5145
-0.2272 0.9834
-0.2405 0.9582
0.4098 0.9238
1.8423 0.0683
1.3714 -0.3614
0.6491 -0.4709
0.7645 0.5762
0.0520 0.1334
0.0697 0.3528
0.9225 0.4853
0.9290 0.2019
-0.4046 0.9386
0.7207 -0.4613
0.4996 0.9377
1.2901 -0.3835
2.0699 0.2051
0.2942 0.9053
0.8216 0.3130
1.2815 -0.4900
-0.0489 0.9983
-0.9557 0.1454
1.4209 -0.5403
-0.9145 0.3762
0.2158 -0.0850
1.9392 0.0529
0.5095 0.9462
-1.0021 0.0233
-0.9200 0.3309
-0.0635 0.4936
0.8035 -0.5439
1.9840 0.4208
0.7480 0.6915
-0.8754 0.5438
0.4841 -0.3859
0.9975 0.0439
0.8641 0.6044
-0.3563 0.9849
-0.8384 0.3147
-0.0029 1.0197
1.3745 -0.4444
-0.8189 0.6805
0.0537 -0.0051
-0.3632 0.9228
0.0133 0.9105
0.3321 0.9449
0.3250 0.9800
1.1185 -0.5314
-1.0563 0.2114
0.5519 -0.3769
1.8166 -0.1469
1.8611 -0.1039
1.0438 -0.5246
1.9098 0.0994
-0.6864 0.6818
1.8918 0.1602
0.0733 0.2294
-0.7814 0.7454
-0.3552 0.8282
-1.0164 0.3267
0.8676 0.5351
0.3330 0.9047
-0.7403 0.6199
0.8575 -0.5379
0.6590 0.8160
-0.7203 0.6497
-1.0054 0.3460
-0.3041 0.9894
0.9470 -0.5742
1.9306 0.0104
1.6550 -0.1843
-0.9084 0.4467
1.9249 0.1911
-1.0344 0.1276
-0.0516 0.9974
1.8735 -0.0225
0.6518 -0.3914
1.1107 -0.5638
-0.8966 0.5720
-0.4593 0.8790
0.5797 -0.4208
-0.0131 0.1664
-0.0451 0.9923
1.1912 -0.5198
-0.9033 0.4079
0.1127 0.1872
0.9473 0.2173
0.3429 0.9706
2.0246 0.1161
1.0203 0.1506
1.0936 -0.4360
0.5534 0.8085
-0.6164 0.8308
0.8695 0.4701
0.9244 -0.5691
-0.7332 0.6929
-0.8691 0.5430
1.0520 0.1868
1.0783 -0.5070
0.6684 -0.5542
0.0764 -0.0994
1.2151 -0.4884
1.0503 -0.4464
1.3334 -0.4106
0.5882 0.7400
0.8377 0.4409
0.8696 -0.5374
0.0732 0.0382
-0.6143 0.7076
0.7600 0.5610
0.5358 -0.3619
-0.7372 0.6346
1.1060 -0.5376
0.5220 -0.4285
1.9252 0.2219
0.6067 0.7609
0.9286 0.2607
0.1140 0.1109
-0.8700 0.5191
2.0125 0.5334
1.7578 -0.1517
0.8845 0.4949
1.7303 -0.1888
0.0199 0.1466
0.0265 0.2105
0.5475 0.7808
-0.4231 0.9209
0.2170 -0.0457
1.0165 -0.4952
0.1141 -0.0060
1.2886 -0.2672
0.8515 -0.4579
0.1101 0.1879
0.5310 0.7744
1.7989 -0.1835
1.0742 -0.4287
0.2003 1.0421
-0.5128 0.7410
2.0102 0.3113
1.2509 -0.4153
-0.8154 0.5618
0.0032 0.1736
1.9551 0.3931
1.5749 -0.1761
0.5274 0.8399
-0.9794 0.2894
1.8340 -0.1149
1.9702 0.2164
0.1756 0.1383
-0.6182 0.8160
0.3083 -0.3032
1.8520 0.2088
0.1944 1.0190
0.2435 0.9229
0.4369 -0.3404
0.7375 0.6386
0.0323 0.0189
0.8949 -0.4780
-0.5885 0.8181
0.0428 0.2885
0.1077 0.9563
-0.3280 0.9456
0.1381 0.2852
-0.2020 1.0086
1.7146 -0.1602
-0.8543 0.5404
0.9215 -0.4411
0.0897 0.4236
-0.2878 0.9748
1.2840 -0.5420
1.7753 -0.0297
0.9599 0.3401
0.9024 0.5363
0.6499 -0.4013
1.9957 0.4626
0.0087 0.8656
0.9998 0.1354
0.4557 -0.3193
0.2395 -0.2125
0.5920 -0.4495
1.3739 -0.4542
0.7692 0.6495
0.9878 0.0332
0.7017 -0.5669
1.6595 -0.3026
2.0476 0.0770
0.3911 0.9468
1.5350 -0.3629
-0.6260 0.7736
-0.8808 0.5271
0.7587 0.6550
0.0745 0.4905
0.7769 -0.4754
-1.0433 0.1468
-0.8225 0.7243
0.9581 0.1198
0.8641 -0.5064
0.9831 0.1068
1.0802 -0.4526
1.0045 -0.5915
0.5323 0.9214
0.0930 0.1017
1.6913 -0.0030
-0.7093 0.8037
-0.9067 0.5404
0.0049 0.1049
0.4080 -0.4360
0.7990 0.6222
1.9246 0.2793
0.1704 -0.1289
0.6856 -0.4801
1.6655 -0.2793
1.7649 -0.1692
1.5128 -0.3615
-0.4615 0.8837
0.3705 0.9766
0.7222 0.7373
0.8492 0.5254
-0.4990 0.8819
1.6381 -0.3480
0.2140 -0.1309
0.9217 0.2238
0.6685 0.7399
0.8136 -0.5388
1.8506 -0.0619
0.0436 0.1535
0.0348 0.4817
1.8739 -0.0908
-0.2468 0.9328
-1.0431 -0.0261
0.9711 0.1598
-0.9028 0.1386
0.2846 0.9970
0.2916 -0.1612
0.7837 -0.4297
0.9777 0.3971
-0.6388 0.6563
0.5989 0.7344
0.9781 0.5125
1.8383 -0.0969
-0.6791 0.7155
0.9072 0.1848
-0.9301 0.3015
-0.0443 0.3883
-0.0880 1.0248
0.6254 -0.3711
1.8755 0.0239
0.1523 0.0221
0.5515 0.8203
0.5989 0.7635
-0.0187 0.3110
-1.0542 0.3308
0.0807 0.1052
0.1777 -0.1115
1.7332 -0.1489
1.6581 -0.1249
0.9088 0.4668
0.5391 0.8753
0.7925 0.6486
1.6072 -0.2452
0.1214 -0.0374
0.6388 0.7601
1.9934 0.3647
0.0538 0.3100
1.8154 -0.0403
-0.9199 0.0926
0.0413 0.4312
1.5083 -0.3223
-0.9306 0.3109
0.7338 0.6525
0.7160 -0.4779
0.9143 0.5338
0.4377 0.8292
0.6950 0.7107
-0.7525 0.6482
0.9430 0.3300
1.2515 -0.5467
-0.4765 0.8791
-0.6584 0.6285
-0.1096 0.9307
1.9323 0.1904
1.9297 0.2907
0.0074 0.2726
0.5305 -0.3909
0.9874 -0.5416
-0.7170 0.8043
-0.8885 0.4654
2.0472 0.5251
0.6477 -0.4859
-0.8150 0.5842
2.0577 0.4299
0.1454 -0.0453
0.7241 0.6800
-0.3531 0.9543
-0.7246 0.6831
0.7230 -0.5161
-0.0230 0.0137
1.3167 -0.4326
0.0369 1.0544
0.4271 -0.4157
0.9385 0.2603
0.2717 0.9876
0.2470 1.0020
-0.9882 0.2496
0.7136 -0.4416
0.5385 -0.4091
0.5345 0.8665
0.8843 0.3581
0.2838 0.9004
-0.4426 0.8584
-0.7984 0.7112
0.3457 -0.2767
-0.4373 0.8049
0.7573 -0.4644
0.6002 0.8047
0.5573 -0.4401
-0.5790 0.8171
0.9085 0.5014
1.0180 0.1241
-1.0148 0.1162
0.6012 -0.3755
1.5080 -0.2027
0.2649 -0.0171
0.4059 0.9245
-0.8675 0.2723
1.6574 -0.3232
-0.9607 0.3885
0.9194 0.1154
0.0097 0.1422
-0.2980 0.9265
-0.1768 1.0356
-0.3725 0.9010
0.7323 0.7773
2.0087 0.3761
1.2936 -0.4038
0.8518 0.6497
0.9397 -0.0239
-0.5493 0.7996
2.0096 0.3782
-0.8677 0.6349
1.7855 -0.2032
1.6875 -0.2432
2.0208 0.2308
-0.8736 0.5960
0.8391 -0.5464
-0.8386 0.4270
-0.8230 0.5001
0.0550 0.9945
0.0199 0.2108
0.0923 0.0545
0.4665 -0.4425
-0.9715 0.0664
-0.0084 0.3418
0.0019 0.9319
-1.0340 -0.1012
-0.9132 0.4307
0.9296 0.2458
1.3944 -0.3342
0.9043 0.1653
0.1012 0.0232
0.9906 0.2452
0.5903 -0.3168
-1.0064 0.0725
0.6948 0.6650
0.1948 0.0054
0.8982 0.4559
0.3764 -0.3145
1.8973 0.2484
-0.6204 0.8278
1.9795 0.3636
-0.9192 0.4361
-0.5677 0.7559
1.0431 0.0123
1.8708 0.0076
1.9798 0.1550
0.9767 -0.4120
0.6089 -0.4451
-0.4872 0.8886
0.6472 -0.3948
0.2466 -0.1862
1.3950 -0.4294
0.2129 0.9492
-0.0856 0.8855
1.0709 -0.4704
-0.4322 0.8347
-0.3703 0.7892
-0.9703 0.3494
-0.6754 0.7227
0.1018 0.9877
0.4367 0.9182
1.3786 -0.4260
1.8868 0.0402
-0.5214 0.7975
1.8803 0.0151
1.1231 -0.4662
1.9734 0.2085
1.6375 -0.3018
1.9310 0.1959
1.9650 0.4723
0.5092 0.8308
0.0229 0.9038
-0.0270 0.1804
-0.0188 0.9955
0.8230 0.4903
-0.0041 0.3365
0.4446 -0.3652
-0.7891 0.6573
-0.9875 0.2330
0.9669 -0.5057
0.9464 0.0842
1.8377 -0.0538
-0.9173 0.3108
1.3867 -0.3784
1.0625 0.0554
0.0969 0.0030
1.6031 -0.3012
0.0793 0.2115
1.6124 -0.1601
0.0647 0.0150
1.4314 -0.3861
0.7574 0.7179
0.2127 0.9790
-0.1199 0.9949
0.5302 -0.2386
0.6088 0.8160
0.9461 -0.3608
1.0324 0.2945
0.2429 0.8928
-0.7114 0.5671
-1.0466 0.4444
1.0086 0.1318
-0.0051 0.4820
0.0200 0.4850
1.8228 -0.0511
0.4539 -0.2922
0.9328 0.2812
-0.2630 0.9041
-0.6700 0.6690
-0.8970 0.3681
-0.8536 0.3596
0.7489 -0.4160
-0.1352 1.0511
0.1624 -0.0203
0.7944 -0.4224
0.1406 -0.0199
0.4125 -0.3578
0.0145 0.0532
0.0518 0.3273
0.3493 -0.2298
1.9338 0.1881
0.9981 -0.4967
-0.6881 0.6931
-0.1768 0.9420
-0.2410 0.8706
-0.0159 0.2474
0.9764 0.3773
0.8313 -0.4792
0.7975 0.6116
0.2698 -0.1859
0.3719 0.8712
1.4029 -0.3128
0.2966 -0.2459
1.4834 -0.3953
-0.0009 0.3687
0.2455 1.0341
0.8728 0.3662
0.3601 0.8853
-0.0201 0.5102
0.4477 0.8296
-1.0761 0.3070
0.6463 -0.4505
0.4157 -0.3026
1.9282 0.1321
1.0607 -0.4972
-0.2925 0.9829
0.6898 0.7300
0.8637 -0.4767
0.8876 0.3317
0.8881 0.3591
-1.0902 0.1618
-0.1402 1.0000
0.2038 1.0153
0.0558 0.4584
2.0164 0.4749
0.1309 -0.0144
0.2621 -0.1697
-0.9679 0.2921
0.9468 0.3038
0.1402 0.1108
0.1154 0.9927
0.9219 0.4782
1.6108 -0.3954
1.1198 -0.5013
-1.0709 0.1560
0.1154 -0.0548
0.2830 -0.1873
1.9155 0.0414
0.3464 0.9607
1.8202 -0.1570
0.9151 -0.5008
0.1846 0.9758
1.0171 0.0173
1.5077 -0.4048
1.8878 0.3029
0.4817 0.9064
1.3331 -0.3079
0.9142 -0.5083
-0.9822 0.1247
-0.9765 0.1549
0.6884 0.7660
-0.1743 0.9666
0.5424 -0.3182
1.6282 -0.2550
0.0791 0.9727
-0.7052 0.6328
0.2454 -0.2770
0.8341 0.4955
-0.2985 0.9735
1.4937 -0.4686
1.2041 -0.4624
0.1595 -0.0128
1.8280 -0.1123
0.4902 -0.3394
0.7583 -0.4267
1.8012 0.1632
1.3074 -0.4341
-0.1302 0.9331
0.8696 0.4251
0.5746 0.7191
1.1860 -0.4946
1.2793 -0.4158
1.3150 -0.3793
-0.7718 0.8210
1.9632 0.2911
1.7294 -0.2793
-1.0002 0.2560
0.0964 0.1253
-0.5313 0.6997
-0.9428 0.0926
0.8706 0.4784
-0.3027 0.9499
0.1086 0.9254
0.2729 -0.2110
0.9010 -0.4986
1.6047 -0.1863
0.7090 -0.4087
-0.0510 0.3242
-0.0699 0.4736
0.9155 0.2134
0.5765 -0.5554
1.7429 -0.2081
1.3264 -0.4449
-0.9386 0.0723
0.7281 0.6309
1.6750 -0.2508
1.7552 -0.0628
0.1768 0.9219
1.1458 -0.4079
0.2055 -0.0364
0.1717 -0.1253
0.8703 -0.5784
1.8648 0.0985
0.7933 0.6153
2.0384 0.4442
0.5907 0.8200
-0.3822 0.8903
0.5740 0.7649
0.0746 0.5624
0.9151 0.4388
0.0362 0.2607
-0.4401 0.7993
-0.0667 0.9497
0.9881 0.3970
-0.7988 0.6042
1.7786 -0.1664
0.8490 0.5190
-0.7748 0.5118
0.4266 -0.2889
0.0162 0.2829
1.2664 -0.4547
0.8241 0.5438
1.9113 0.1157
-0.4615 0.7956
1.5746 -0.3487
-1.0670 0.1411
1.9371 0.2434
0.1834 0.9728
0.0750 0.0784
-0.7578 0.6012
0.1393 0.0386
1.6069 -0.3024
2.0090 0.2936
1.0087 0.2509
-0.5720 0.8782
-0.6306 0.7512
0.8171 0.5910
0.4517 0.9388
0.3730 -0.2166
-0.0462 0.4991
1.8947 0.0471
-0.8138 0.5135
0.0415 0.2465
1.3217 -0.3847
0.4771 0.9738
1.2757 -0.4283
-0.3966 0.9406
0.1006 0.1490
-0.2778 1.0686
1.4556 -0.3747
0.8249 -0.5068
0.2420 -0.2525
0.9159 0.5042
0.0147 0.9602
0.2774 -0.2479
2.0189 0.2371
-0.5511 0.7765
0.0277 0.1012
1.0116 -0.4494
0.6542 0.8312
0.2350 -0.1136
1.9721 0.2903
0.5385 0.8674
1.2926 -0.3407
0.7816 -0.4210
0.4890 0.8439
1.2297 -0.4165
-0.0434 1.0442
1.1498 -0.5484
1.0062 -0.4928
0.2947 0.9094
1.6434 -0.2184
-0.7347 0.6960
0.2162 -0.1413
-0.6146 0.7643
-0.5688 0.8370
0.8994 0.3388
-1.0642 0.2245
1.4171 -0.3569
0.2990 0.8850
-0.9480 0.2183
0.3436 -0.1298
-0.9827 0.2677
0.9292 0.4439
-0.4691 0.9458
-0.2262 0.8778
0.1611 -0.0398
-0.0837 0.9864
-0.9369 0.3102
0.0437 0.1834
-0.8235 0.3810
1.9716 0.4645
-0.0108 0.9751
0.5224 0.7873
1.8176 0.0057
-0.7046 0.7757
-0.9929 0.1870
1.9376 0.0984
1.0477 0.3094
-0.8710 0.5722
1.3753 -0.2590
-0.5967 0.7914
0.0300 0.2652
-0.2681 0.9445
1.7608 -0.0510
-0.0295 0.1604
0.0432 0.4092
0.8103 0.6940
0.1092 -0.0540
1.2769 -0.5036
0.0738 0.9234
1.7588 -0.2695
-0.1468 0.9285
1.9563 0.1356
0.5636 -0.4132
0.6628 -0.4461
1.9107 0.2436
0.1482 0.9913
0.9222 0.4670
0.2146 1.0099
1.3466 -0.4365
-0.9518 0.0750
1.4681 -0.3731
1.0120 -0.4667
0.1232 1.0476
0.4210 -0.2502
-0.7500 0.8438
0.8374 0.5862
-0.8073 0.4433
0.5751 0.7701
0.6425 -0.4786
-0.5632 0.9180
0.4200 0.8834
0.9319 0.5779
1.8313 -0.0228
0.5153 -0.4513
1.3824 -0.3864
-0.6334 0.8202
-0.1619 1.0667
1.2869 -0.5504
0.1382 -0.1272
0.4503 0.8581
-0.1755 1.0269
1.9587 0.2861
0.1559 0.0377
0.8436 0.6353
-0.7490 0.6869
0.5090 -0.2956
1.9903 0.4419
0.9791 0.1861
0.1829 0.0119
1.7570 -0.0992
-0.0307 0.2794
1.8335 -0.1860
-0.3213 0.9238
0.2265 0.9684
1.5551 -0.2915
1.9843 0.4596
1.3532 -0.4522
0.0386 0.1761
0.6386 -0.4819
0.2296 0.1027
1.9996 0.4663
-0.5928 0.8599
-0.2444 0.9902
-0.8288 0.5904
1.3138 -0.3501
-0.0024 0.1415
2.0075 0.4514
0.8556 0.4339
0.2772 0.9569
0.8413 0.4755
-0.0859 0.3909
-0.9302 0.2296
0.8958 0.4808
0.0695 0.9227
1.7318 -0.2121
0.5598 0.8891
1.6954 -0.2739
1.7278 -0.2413
1.5972 -0.1947
1.9028 0.2619
2.0504 0.4506
0.1425 -0.0933
-0.5424 0.8393
0.2598 0.9569
-0.8132 0.5576
1.4528 -0.3905
0.3034 0.9617
0.9316 0.0926
0.9689 0.0234
0.1399 1.0002
-0.0236 0.3226
0.8953 0.2609
0.7313 0.7360
-0.4550 0.9901
0.4880 -0.3383
-0.3582 0.9058
-1.0504 0.0916
2.0067 0.4790
0.4022 0.9572
0.0255 0.0698
1.1065 -0.4140
1.6363 -0.1455
0.1895 -0.1037
-0.9448 0.5737
1.7955 -0.1878
0.3654 -0.1933
-1.0182 0.1075
-1.0721 0.0593
-0.8569 0.5341
-0.8509 0.4748
0.6985 -0.5071
0.3078 -0.1556
1.4540 -0.3916
0.4782 -0.5303
1.5004 -0.3541
0.0998 0.9533
0.5369 0.8350
0.9918 -0.5451
-0.8815 0.2506
-0.0571 0.4690
0.4958 0.8700
1.5748 -0.2488
1.9699 0.1509
0.5607 0.7924
0.8671 0.5766
-0.3163 0.9830
0.5454 0.9033
-0.0640 1.0371
-0.5961 0.7152
1.7727 -0.0402
0.0209 0.9906
-0.9223 0.4705
1.4051 -0.4238
1.9248 0.1253
0.0110 0.3523
1.7673 -0.0052
0.0471 0.0975
1.5580 -0.2712
0.6651 0.8650
0.5203 0.7796
0.5208 0.8366
-0.9808 0.4609
0.3585 -0.3264
0.0262 0.2399
0.9600 0.4607
2.0625 0.1924
1.0346 0.1624
0.9706 0.0645
0.1596 0.9656
0.6658 0.7605
-0.3817 0.9990
1.8334 -0.1193
-0.7887 0.6236
1.8875 0.0841
-0.7103 0.6357
0.9515 0.0973
0.9013 0.1328
0.4350 -0.4028
0.9972 -0.5303
0.3688 0.9543
0.0722 0.1011
1.0111 -0.4646
0.4610 -0.3230
0.0827 0.1320
0.8738 -0.4520
0.8741 -0.4968
